180178
243708
196607
131070
122876
196604
261365
131070
218104
129919
163836
188385
262121
192457
229375
233890
212990
225277
229374
131070
163836
196606
131071
163834
131071
245759
262143
229374
196606
131070
262138
131070
229375
241662
190463
131069
229375
163838
180222
196606
196607
188412
131070
245757
192510
237237
196600
148646
131064
131070
229374
196598
262131
131068
113660
262132
131066
114685
190200
163837
188414
199583
229358
131068
159740
106492
163832
196607
131071
229373
196580
131070
131071
114680
131069
196607
229372
131071
159741
171003
196594
260088
242679
131070
196602
120828
262143
131071
208895
163839
196604
131056
104444
221182
131069
262140
163838
196607
196607
196604
196606
131066
195486
160756
131070
131071
159719
196606
207868
131063
262143
196606
262142
196606
131062
172538
229372
245758
229276
194976
131060
167935
262143
114686
131070
180223
106494
188414
262143
131059
196604
131070
163839
143355
131064
196607
131070
196605
196606
131068
196604
180220
179196
180220
262101
229372
162687
196604
196607
196606
196600
163838
262143
163836
104444
195327
131062
238443
133013
131071
143358
195254
131070
142299
225279
194559
241656
138495
184319
196606
163838
247024
131069
196602
229372
131065
114685
131067
196604
131069
212922
184308
163836
125695
196592
180222
245754
131068
229374
196606
184314
259066
190712
196606
131070
131070
262068
196602
245758
131064
196607
131066
256255
262141
196596
196606
229370
196607
262142
188414
131068
241662
131065
130981
262140
131062
131071
196604
196604
222718
196605
196604
196602
253950
196094
204798
163839
131064
247032
196600
131070
131060
258046
151550
196540
228348
229374
229374
254974
131059
195834
131066
232319
180222
196604
262143
245757
227326
229373
254456
131070
131066
131068
131065
195582
188410
196603
194559
221176
131070
251882
180223
229022
262142
131068
163836
163838
131069
114682
131066
196606
229375
131066
114680
196606
196607
205307
196602
229375
237564
196606
253950
131071
131070
251902
262143
229374
196569
131071
131070
163828
131071
221183
131070
172030
147455
262141
245758
131068
131067
180221
180220
229375
225279
131066
135037
131067
131070
196585
198650
131071
114678
253946
196606
196604
163836
131068
210942
131071
196607
131066
196605
129534
180218
261117
131070
163839
217084
227327
131069
221180
131069
188412
182990
262141
229375
196605
180223
262141
196600
161790
142843
196602
230398
163839
131070
196607
200702
131064
196606
196607
106495
229375
196606
196607
229375
196606
245759
262141
196600
131071
131070
114686
131070
131070
129058
178172
212991
131070
126964
229375
191613
195576
243709
196601
131070
131070
158718
131071
163837
131068
131071
131070
122873
262142
126950
195069
126975
163839
172031
131071
147452
262143
196602
262138
196606
220154
196605
131071
131071
188414
245482
130968
165885
135163
243198
131066
131070
196603
261112
196602
225264
212986
144319
118769
229367
196604
163838
262136
196600
258044
131067
131069
196606
211966
184319
196607
114679
131070
196596
196598
196607
131071
131070
188095
261881
235518
131070
190462
196219
184638
131066
196606
131070
172031
188414
196607
196606
163818
196576
139263
131070
131069
188412
196604
147450
180223
184316
163798
242687
143356
131069
195580
131071
125758
126974
229372
229374
196606
262136
155647
131070
244734
130375
163836
163839
114687
131070
163837
196604
180216
196606
131070
196606
188413
258046
147450
262132
131062
262142
262133
131071
140671
131071
114680
131070
163839
196586
130982
196607
220158
154599
196604
131068
131071
178175
131071
131071
179194
131066
131071
163838
131070
196602
163837
196596
163836
229375
196600
220158
131052
229374
245755
131070
131069
196605
192510
245756
131070
262116
196604
227326
215533
196597
196605
191486
131064
131070
163830
176108
217854
163838
196604
189438
196606
196573
196532
172031
196604
262143
131068
131061
163839
225279
163839
163836
229374
229374
229244
131069
192510
131071
180220
131070
131070
114683
260728
122878
131053
196602
229374
196602
262140
131066
249854
163839
159740
206844
262116
126967
180159
190458
172030
139259
196604
196598
184316
196606
106480
194558
153594
131071
131069
196607
196578
262143
135164
262074
262142
208895
192509
131068
131048
126973
229374
229314
131070
139262
190206
249342
261545
196606
212989
262140
253950
131060
196605
131066
192510
131068
157310
131071
192510
262138
192510
196606
131037
163808
180221
182270
155644
131068
201203
229375
229372
131069
196597
196606
131066
219133
131070
188414
196606
169973
130963
131071
262143
196607
131070
196606
196604
131071
131070
131070
131060
195391
196606
131070
253694
196606
163828
229371
131071
188414
262141
127685
196604
180219
262142
131069
229366
131070
229368
225276
131070
163835
196602
262139
131065
131070
178175
196607
163838
131070
176126
163835
131071
131070
163831
180221
118783
196607
179710
196596
187388
131069
262138
253948
177992
219134
196607
131070
196607
245758
163839
147455
153598
158718
198651
131071
196605
131070
163811
163839
163839
139647
221182
224766
204282
253948
196599
196606
200696
196601
172031
131070
131070
257279
175102
131068
180217
196604
131070
187390
155640
131070
163832
217083
241663
229375
229375
227324
165876
131067
245759
262123
210942
180216
131071
229119
131066
196606
196604
131068
196605
163838
131056
221181
196606
196607
131064
244734
172028
262140
262140
131068
131068
196606
262141
196607
210942
131070
262143
171666
227320
131070
131070
163835
131068
262143
188414
131071
183268
221168
204796
131067
153595
163837
204798
114670
196604
131071
163826
196605
235508
212990
196605
196602
256702
126965
196606
190458
131066
196606
229371
131056
237306
196606
262143
180222
196605
245752
196598
229370
195554
147453
196603
131071
229375
196607
190460
210943
159738
196607
229375
145404
111612
260331
163828
196607
177150
143092
131071
196588
159743
121829
196601
131071
131070
196607
131071
245759
172025
131070
131068
131071
245759
229372
196577
212990
131069
131068
163831
145405
262140
131066
229374
163834
130735
192511
262136
160253
196607
131070
201725
161790
196607
196572
180222
172030
147452
131070
196605
196606
131070
131070
262141
229372
126974
131070
172012
187340
163832
262142
245757
196606
172031
196596
147452
196607
180220
262142
196600
131069
262138
229372
180222
131058
131070
169980
153477
164847
237567
131071
196607
196600
196604
225270
196592
196600
131067
188414
131070
131070
156670
196606
196546
176127
131070
180221
179196
195390
215038
131066
215551
196606
196606
131071
131071
233471
131070
253951
131071
131068
253950
131070
131070
229369
131070
155647
114687
192511
229288
163836
196092
229375
180108
196606
260607
131071
196606
229372
171946
131070
196607
196600
196607
106493
196604
180216
186366
224511
262141
180217
180222
245752
249434
196607
262126
229374
188414
183678
131071
196604
131070
261064
147454
172030
131069
131070
131068
130842
131070
196600
229375
239610
180223
192508
196599
120829
163838
229374
113654
262138
131064
190461
217086
131066
262134
176120
